"CPU Time Used","Estimated Training Performance","Wallclock Time","Incumbent ID","Automatic Configurator (CPU) Time","Configuration..."
0.000000, 2147483648.000000, 0.000047, 1, 0.000047, max_depth='10',max_features='0.5',min_samples_leaf='1',min_samples_split='32'
0.567161, 0.028500, 0.567864, 1, 0.000703, max_depth='10',max_features='0.5',min_samples_leaf='1',min_samples_split='32'
4.009863, 0.012800, 4.013465, 2, 0.003602, max_depth='27',max_features='0.9211588252948141',min_samples_leaf='16',min_samples_split='2'
21.921822, 0.008700, 21.952323, 3, 0.030501, max_depth='15',max_features='0.8033882225026209',min_samples_leaf='7',min_samples_split='4'
135.010057, 0.005700, 136.203933, 4, 1.193876, max_depth='40',max_features='0.9733906042371426',min_samples_leaf='2',min_samples_split='9'
